Pos,act,x,y,v,a,Duration,Gradient,SOC,Power,Energy,F_load,F_traction,Wind,dt,Brake,Throttle,Power,Torque,dt_Energy_wh,Total_Reward,dt_Time_reward,dt_Energy_reward,dt_Position_reward
0.0,0.9,0.0,0.0,0.0,0.0,0.0,0.0,0.5,0.0,0.0,0.0,0.0,0.0,0.8606629626362298,0.0,0.9,0.0,162.0,0.0,-0.6606629626362297,-0.8606629626362298,-0.0,0.2
1.0,-0.2,0.0,0.0,2.3237899991178206,2.7,0.8606629626362298,0.0,0.5,0.0,0.0,0.0,5400.0,0.0,0.461477667760603,-0.2,0.0,-2.7885479989413846,-36.0,-0.28596725044221477,-0.11849404253949564,-0.461477667760603,0.14298362522110739,0.2
2.0,0.0,1.0,0.0,2.0101142545800523,-0.6797203124908124,1.3221406303968328,0.0,0.5000285967250442,-2.2308383991531078,-0.00028596725044221474,159.440624981625,-1200.0,0.0,0.5024711849516577,0.0,0.0,0.0,0.0,0.0,-0.30247118495165765,-0.5024711849516577,-0.0,0.2
3.0,-0.1,2.0,0.0,1.9702139895783917,-0.07940806596800078,1.8246118153484905,0.0,0.5000285967250442,0.0,-0.00028596725044221474,158.81613193600154,0.0,0.0,0.5351292177205932,-0.1,0.0,-1.1821283937470346,-18.0,-0.14057587613136713,-0.2648412796549096,-0.5351292177205932,0.07028793806568356,0.2
4.0,0.0,3.0,0.0,1.767201168529063,-0.379371587883149,2.3597410330690836,0.0,0.5000426543126574,-0.9457027149976277,-0.00042654312657358184,158.74317576629804,-600.0,0.0,0.5732295503318815,0.0,0.0,0.0,0.0,0.0,-0.3732295503318815,-0.5732295503318815,-0.0,0.2
5.0,-0.1,4.0,0.0,1.7218029278054665,-0.07919731405562098,2.932970583400965,0.0,0.5000426543126574,0.0,-0.00042654312657358184,158.39462811124196,0.0,0.0,0.6236048433440503,-0.1,0.0,-1.03308175668328,-18.0,-0.14316328600846068,-0.35202320033982,-0.6236048433440503,0.07158164300423034,0.2
6.0,0.0,5.0,0.0,1.4853563337139284,-0.37916093278494273,3.5565754267450154,0.0,0.5000569706412582,-0.826465405346624,-0.0005697064125820425,158.3218655698854,-600.0,0.0,0.685742244431715,0.0,0.0,0.0,0.0,0.0,-0.48574224443171504,-0.685742244431715,-0.0,0.2
7.0,-0.1,6.0,0.0,1.4311917785611858,-0.07898675572718954,4.24231767117673,0.0,0.5000569706412582,0.0,-0.0005697064125820425,157.97351145437906,0.0,0.0,0.7790730379258098,-0.1,0.0,-0.8587150671367115,-18.0,-0.14866705690374749,-0.5047395094739362,-0.7790730379258098,0.07433352845187374,0.2
8.0,0.0,7.0,0.0,1.135961683754188,-0.37895047118176894,5.02139070910254,0.0,0.5000718373469486,-0.6869720537093693,-0.00071837346948579,157.90094236353784,-600.0,0.0,0.9089592896972304,0.0,0.0,0.0,0.0,0.0,-0.7089592896972303,-0.9089592896972304,-0.0,0.2
9.0,-0.1,8.0,0.0,1.0643571515231598,-0.07877639080500434,5.93034999879977,0.0,0.5000718373469486,0.0,-0.00071837346948579,157.55278161000868,0.0,0.0,1.1925800601998773,-0.1,0.0,-0.6386142909138959,-18.0,-0.16924414877835464,-0.9079579858107001,-1.1925800601998773,0.08462207438917732,0.2
10.0,0.0,9.0,0.0,0.6126791375532938,-0.378740202896034,7.122930058999647,0.0,0.5000887617618265,-0.5108914327311167,-0.0008876176182641446,157.48040579206807,-600.0,0.0,1.8521191043958196,0.0,0.0,0.0,0.0,0.0,-1.6521191043958197,-1.8521191043958196,-0.0,0.2
11.0,-0.1,10.0,0.0,0.46716514217586225,-0.07856621911197216,8.975049163395466,0.0,0.5000887617618265,0.0,-0.0008876176182641446,157.13243822394432,0.0,0.0,0.0,-0.1,0.0,-0.28029908530551734,-18.0,-0.0,-2.0,0.0,0.0,-2.0
11.0,0.0,11.0,0.0,0.0,-0.3785301277510929,8.975049163395466,0.0,0.5000887617618265,-0.22423926824441387,-0.0008876176182641446,157.06025550218575,-600.0,0.0,0.0,0.0,0.0,0.0,0.0,0.0,-2.0,0.0,-0.0,-2.0
11.0,-0.3,11.0,0.0,0.0,0.0,8.975049163395466,0.0,0.5000887617618265,0.0,-0.0008876176182641446,0.0,0.0,0.0,0.0,-0.3,0.0,-0.0,-54.0,-0.0,-2.0,0.0,0.0,-2.0
11.0,0.0,11.0,0.0,0.0,-0.9000000000000001,8.975049163395466,0.0,0.5000887617618265,-0.0,-0.0008876176182641446,0.0,-1800.0000000000002,0.0,0.0,0.0,0.0,0.0,0.0,0.0,-2.0,0.0,-0.0,-2.0
11.0,-0.3,11.0,0.0,0.0,0.0,8.975049163395466,0.0,0.5000887617618265,0.0,-0.0008876176182641446,0.0,0.0,0.0,0.0,-0.3,0.0,-0.0,-54.0,-0.0,-2.0,0.0,0.0,-2.0
11.0,0.0,11.0,0.0,0.0,-0.9000000000000001,8.975049163395466,0.0,0.5000887617618265,-0.0,-0.0008876176182641446,0.0,-1800.0000000000002,0.0,0.0,0.0,0.0,0.0,0.0,0.0,-2.0,0.0,-0.0,-2.0
11.0,-0.3,11.0,0.0,0.0,0.0,8.975049163395466,0.0,0.5000887617618265,0.0,-0.0008876176182641446,0.0,0.0,0.0,0.0,-0.3,0.0,-0.0,-54.0,-0.0,-2.0,0.0,0.0,-2.0
11.0,0.0,11.0,0.0,0.0,-0.9000000000000001,8.975049163395466,0.0,0.5000887617618265,-0.0,-0.0008876176182641446,0.0,-1800.0000000000002,0.0,0.0,0.0,0.0,0.0,0.0,0.0,-2.0,0.0,-0.0,-2.0
11.0,-0.3,11.0,0.0,0.0,0.0,8.975049163395466,0.0,0.5000887617618265,0.0,-0.0008876176182641446,0.0,0.0,0.0,0.0,-0.3,0.0,-0.0,-54.0,-0.0,-2.0,0.0,0.0,-2.0
11.0,0.0,11.0,0.0,0.0,-0.9000000000000001,8.975049163395466,0.0,0.5000887617618265,-0.0,-0.0008876176182641446,0.0,-1800.0000000000002,0.0,0.0,0.0,0.0,0.0,0.0,0.0,-2.0,0.0,-0.0,-2.0
11.0,-0.6,11.0,0.0,0.0,0.0,8.975049163395466,0.0,0.5000887617618265,0.0,-0.0008876176182641446,0.0,0.0,0.0,0.0,-0.6,0.0,-0.0,-108.0,-0.0,-2.0,0.0,0.0,-2.0
11.0,0.0,11.0,0.0,0.0,-1.8000000000000003,8.975049163395466,0.0,0.5000887617618265,-0.0,-0.0008876176182641446,0.0,-3600.0000000000005,0.0,0.0,0.0,0.0,0.0,0.0,0.0,-2.0,0.0,-0.0,-2.0
11.0,-0.3,11.0,0.0,0.0,0.0,8.975049163395466,0.0,0.5000887617618265,0.0,-0.0008876176182641446,0.0,0.0,0.0,0.0,-0.3,0.0,-0.0,-54.0,-0.0,-2.0,0.0,0.0,-2.0
11.0,0.0,11.0,0.0,0.0,-0.9000000000000001,8.975049163395466,0.0,0.5000887617618265,-0.0,-0.0008876176182641446,0.0,-1800.0000000000002,0.0,0.0,0.0,0.0,0.0,0.0,0.0,-2.0,0.0,-0.0,-2.0
11.0,-0.3,11.0,0.0,0.0,0.0,8.975049163395466,0.0,0.5000887617618265,0.0,-0.0008876176182641446,0.0,0.0,0.0,0.0,-0.3,0.0,-0.0,-54.0,-0.0,-2.0,0.0,0.0,-2.0
11.0,0.0,11.0,0.0,0.0,-0.9000000000000001,8.975049163395466,0.0,0.5000887617618265,-0.0,-0.0008876176182641446,0.0,-1800.0000000000002,0.0,0.0,0.0,0.0,0.0,0.0,0.0,-2.0,0.0,-0.0,-2.0
11.0,-0.3,11.0,0.0,0.0,0.0,8.975049163395466,0.0,0.5000887617618265,0.0,-0.0008876176182641446,0.0,0.0,0.0,0.0,-0.3,0.0,-0.0,-54.0,-0.0,-2.0,0.0,0.0,-2.0
11.0,0.0,11.0,0.0,0.0,-0.9000000000000001,8.975049163395466,0.0,0.5000887617618265,-0.0,-0.0008876176182641446,0.0,-1800.0000000000002,0.0,0.0,0.0,0.0,0.0,0.0,0.0,-2.0,0.0,-0.0,-2.0
11.0,-0.3,11.0,0.0,0.0,0.0,8.975049163395466,0.0,0.5000887617618265,0.0,-0.0008876176182641446,0.0,0.0,0.0,0.0,-0.3,0.0,-0.0,-54.0,-0.0,-2.0,0.0,0.0,-2.0
11.0,0.0,11.0,0.0,0.0,-0.9000000000000001,8.975049163395466,0.0,0.5000887617618265,-0.0,-0.0008876176182641446,0.0,-1800.0000000000002,0.0,0.0,0.0,0.0,0.0,0.0,0.0,-2.0,0.0,-0.0,-2.0
11.0,-0.3,11.0,0.0,0.0,0.0,8.975049163395466,0.0,0.5000887617618265,0.0,-0.0008876176182641446,0.0,0.0,0.0,0.0,-0.3,0.0,-0.0,-54.0,-0.0,-2.0,0.0,0.0,-2.0
11.0,0.0,11.0,0.0,0.0,-0.9000000000000001,8.975049163395466,0.0,0.5000887617618265,-0.0,-0.0008876176182641446,0.0,-1800.0000000000002,0.0,0.0,0.0,0.0,0.0,0.0,0.0,-2.0,0.0,-0.0,-2.0
11.0,-0.3,11.0,0.0,0.0,0.0,8.975049163395466,0.0,0.5000887617618265,0.0,-0.0008876176182641446,0.0,0.0,0.0,0.0,-0.3,0.0,-0.0,-54.0,-0.0,-2.0,0.0,0.0,-2.0
11.0,0.0,11.0,0.0,0.0,-0.9000000000000001,8.975049163395466,0.0,0.5000887617618265,-0.0,-0.0008876176182641446,0.0,-1800.0000000000002,0.0,0.0,0.0,0.0,0.0,0.0,0.0,-2.0,0.0,-0.0,-2.0
11.0,-0.3,11.0,0.0,0.0,0.0,8.975049163395466,0.0,0.5000887617618265,0.0,-0.0008876176182641446,0.0,0.0,0.0,0.0,-0.3,0.0,-0.0,-54.0,-0.0,-2.0,0.0,0.0,-2.0
11.0,0.0,11.0,0.0,0.0,-0.9000000000000001,8.975049163395466,0.0,0.5000887617618265,-0.0,-0.0008876176182641446,0.0,-1800.0000000000002,0.0,0.0,0.0,0.0,0.0,0.0,0.0,-2.0,0.0,-0.0,-2.0
11.0,-0.3,11.0,0.0,0.0,0.0,8.975049163395466,0.0,0.5000887617618265,0.0,-0.0008876176182641446,0.0,0.0,0.0,0.0,-0.3,0.0,-0.0,-54.0,-0.0,-2.0,0.0,0.0,-2.0
11.0,0.0,11.0,0.0,0.0,-0.9000000000000001,8.975049163395466,0.0,0.5000887617618265,-0.0,-0.0008876176182641446,0.0,-1800.0000000000002,0.0,0.0,0.0,0.0,0.0,0.0,0.0,-2.0,0.0,-0.0,-2.0
11.0,-0.3,11.0,0.0,0.0,0.0,8.975049163395466,0.0,0.5000887617618265,0.0,-0.0008876176182641446,0.0,0.0,0.0,0.0,-0.3,0.0,-0.0,-54.0,-0.0,-2.0,0.0,0.0,-2.0
11.0,0.0,11.0,0.0,0.0,-0.9000000000000001,8.975049163395466,0.0,0.5000887617618265,-0.0,-0.0008876176182641446,0.0,-1800.0000000000002,0.0,0.0,0.0,0.0,0.0,0.0,0.0,-2.0,0.0,-0.0,-2.0
11.0,-0.3,11.0,0.0,0.0,0.0,8.975049163395466,0.0,0.5000887617618265,0.0,-0.0008876176182641446,0.0,0.0,0.0,0.0,-0.3,0.0,-0.0,-54.0,-0.0,-2.0,0.0,0.0,-2.0
11.0,0.0,11.0,0.0,0.0,-0.9000000000000001,8.975049163395466,0.0,0.5000887617618265,-0.0,-0.0008876176182641446,0.0,-1800.0000000000002,0.0,0.0,0.0,0.0,0.0,0.0,0.0,-2.0,0.0,-0.0,-2.0
11.0,-0.1,11.0,0.0,0.0,0.0,8.975049163395466,0.0,0.5000887617618265,0.0,-0.0008876176182641446,0.0,0.0,0.0,0.0,-0.1,0.0,-0.0,-18.0,-0.0,-2.0,0.0,0.0,-2.0
11.0,0.0,11.0,0.0,0.0,-0.3,8.975049163395466,0.0,0.5000887617618265,-0.0,-0.0008876176182641446,0.0,-600.0,0.0,0.0,0.0,0.0,0.0,0.0,0.0,-2.0,0.0,-0.0,-2.0
11.0,-0.1,11.0,0.0,0.0,0.0,8.975049163395466,0.0,0.5000887617618265,0.0,-0.0008876176182641446,0.0,0.0,0.0,0.0,-0.1,0.0,-0.0,-18.0,-0.0,-2.0,0.0,0.0,-2.0
11.0,0.0,11.0,0.0,0.0,-0.3,8.975049163395466,0.0,0.5000887617618265,-0.0,-0.0008876176182641446,0.0,-600.0,0.0,0.0,0.0,0.0,0.0,0.0,0.0,-2.0,0.0,-0.0,-2.0
11.0,-0.1,11.0,0.0,0.0,0.0,8.975049163395466,0.0,0.5000887617618265,0.0,-0.0008876176182641446,0.0,0.0,0.0,0.0,-0.1,0.0,-0.0,-18.0,-0.0,-2.0,0.0,0.0,-2.0
11.0,0.0,11.0,0.0,0.0,-0.3,8.975049163395466,0.0,0.5000887617618265,-0.0,-0.0008876176182641446,0.0,-600.0,0.0,0.0,0.0,0.0,0.0,0.0,0.0,-2.0,0.0,-0.0,-2.0
11.0,-0.1,11.0,0.0,0.0,0.0,8.975049163395466,0.0,0.5000887617618265,0.0,-0.0008876176182641446,0.0,0.0,0.0,0.0,-0.1,0.0,-0.0,-18.0,-0.0,-2.0,0.0,0.0,-2.0
11.0,0.0,11.0,0.0,0.0,-0.3,8.975049163395466,0.0,0.5000887617618265,-0.0,-0.0008876176182641446,0.0,-600.0,0.0,0.0,0.0,0.0,0.0,0.0,0.0,-2.0,0.0,-0.0,-2.0
11.0,-0.1,11.0,0.0,0.0,0.0,8.975049163395466,0.0,0.5000887617618265,0.0,-0.0008876176182641446,0.0,0.0,0.0,0.0,-0.1,0.0,-0.0,-18.0,-0.0,-2.0,0.0,0.0,-2.0
11.0,0.0,11.0,0.0,0.0,-0.3,8.975049163395466,0.0,0.5000887617618265,-0.0,-0.0008876176182641446,0.0,-600.0,0.0,0.0,0.0,0.0,0.0,0.0,0.0,-2.0,0.0,-0.0,-2.0
11.0,0.4,11.0,0.0,0.0,0.0,8.975049163395466,0.0,0.5000887617618265,0.0,-0.0008876176182641446,0.0,0.0,0.0,1.290994437977519,0.0,0.4,0.0,72.0,0.0,-1.090994437977519,-1.290994437977519,-0.0,0.2
12.0,0.0,11.0,0.0,1.5491933255730226,1.2,10.266043601372985,0.0,0.5000887617618265,0.0,-0.0008876176182641446,0.0,2400.0,0.0,0.6564904056358407,0.0,0.0,0.0,0.0,0.0,-0.4564904056358407,-0.6564904056358407,-0.0,0.2
13.0,-0.1,12.0,0.0,1.4973100682086466,-0.0790312499908125,10.922534007008826,0.0,0.5000887617618265,0.0,-0.0008876176182641446,158.062499981625,0.0,0.0,0.7365169916321517,-0.1,0.0,-0.898386040925188,-18.0,-0.14703924093034193,-0.46299737116698075,-0.7365169916321517,0.07351962046517097,0.2
14.0,0.0,13.0,0.0,1.218173851469158,-0.3789949450058325,11.659050998640978,0.0,0.5001034656859196,-0.7187088327401505,-0.0010346568591944865,157.98989001166493,-600.0,0.0,0.8439434334896253,0.0,0.0,0.0,0.0,0.0,-0.6439434334896252,-0.8439434334896253,-0.0,0.2
15.0,-0.1,14.0,0.0,1.1516535175854308,-0.07882084419884886,12.502994432130604,0.0,0.5001034656859196,0.0,-0.0010346568591944865,157.64168839769772,0.0,0.0,1.0494282223411493,-0.1,0.0,-0.6909921105512586,-18.0,-0.16114369382834806,-0.7688563754269753,-1.0494282223411493,0.08057184691417403,0.2
16.0,0.0,15.0,0.0,0.7541462305152025,-0.3787846358690802,13.552422654471753,0.0,0.5001195800553024,-0.552793688441007,-0.0011958005530228345,157.56927173816044,-600.0,0.0,1.4330336749247217,0.0,0.0,0.0,0.0,0.0,-1.2330336749247217,-1.4330336749247217,-0.0,0.2
17.0,-0.1,16.0,0.0,0.6414945481201991,-0.07861063167334226,14.985456329396476,0.0,0.5001195800553024,0.0,-0.0011958005530228345,157.2212633466845,0.0,0.0,0.0,-0.1,0.0,-0.38489672887211945,-18.0,-0.0,-2.0,0.0,0.0,-2.0
17.0,0.0,17.0,0.0,0.0,-0.37857451991019436,14.985456329396476,0.0,0.5001195800553024,-0.30791738309769556,-0.0011958005530228345,157.1490398203887,-600.0,0.0,0.0,0.0,0.0,0.0,0.0,0.0,-2.0,0.0,-0.0,-2.0
17.0,-0.1,17.0,0.0,0.0,0.0,14.985456329396476,0.0,0.5001195800553024,0.0,-0.0011958005530228345,0.0,0.0,0.0,0.0,-0.1,0.0,-0.0,-18.0,-0.0,-2.0,0.0,0.0,-2.0
17.0,-0.9,17.0,0.0,0.0,-0.3,14.985456329396476,0.0,0.5001195800553024,-0.0,-0.0011958005530228345,0.0,-600.0,0.0,0.0,-0.9,0.0,-0.0,-162.0,-0.0,-2.0,0.0,0.0,-2.0
17.0,0.0,17.0,0.0,0.0,-2.7,14.985456329396476,0.0,0.5001195800553024,-0.0,-0.0011958005530228345,0.0,-5400.0,0.0,0.0,0.0,0.0,0.0,0.0,0.0,-2.0,0.0,-0.0,-2.0
17.0,-0.1,17.0,0.0,0.0,0.0,14.985456329396476,0.0,0.5001195800553024,0.0,-0.0011958005530228345,0.0,0.0,0.0,0.0,-0.1,0.0,-0.0,-18.0,-0.0,-2.0,0.0,0.0,-2.0
17.0,-0.9,17.0,0.0,0.0,-0.3,14.985456329396476,0.0,0.5001195800553024,-0.0,-0.0011958005530228345,0.0,-600.0,0.0,0.0,-0.9,0.0,-0.0,-162.0,-0.0,-2.0,0.0,0.0,-2.0
17.0,0.0,17.0,0.0,0.0,-2.7,14.985456329396476,0.0,0.5001195800553024,-0.0,-0.0011958005530228345,0.0,-5400.0,0.0,0.0,0.0,0.0,0.0,0.0,0.0,-2.0,0.0,-0.0,-2.0
17.0,-0.1,17.0,0.0,0.0,0.0,14.985456329396476,0.0,0.5001195800553024,0.0,-0.0011958005530228345,0.0,0.0,0.0,0.0,-0.1,0.0,-0.0,-18.0,-0.0,-2.0,0.0,0.0,-2.0
17.0,-0.9,17.0,0.0,0.0,-0.3,14.985456329396476,0.0,0.5001195800553024,-0.0,-0.0011958005530228345,0.0,-600.0,0.0,0.0,-0.9,0.0,-0.0,-162.0,-0.0,-2.0,0.0,0.0,-2.0
17.0,0.0,17.0,0.0,0.0,-2.7,14.985456329396476,0.0,0.5001195800553024,-0.0,-0.0011958005530228345,0.0,-5400.0,0.0,0.0,0.0,0.0,0.0,0.0,0.0,-2.0,0.0,-0.0,-2.0
17.0,-0.1,17.0,0.0,0.0,0.0,14.985456329396476,0.0,0.5001195800553024,0.0,-0.0011958005530228345,0.0,0.0,0.0,0.0,-0.1,0.0,-0.0,-18.0,-0.0,-2.0,0.0,0.0,-2.0
17.0,-0.9,17.0,0.0,0.0,-0.3,14.985456329396476,0.0,0.5001195800553024,-0.0,-0.0011958005530228345,0.0,-600.0,0.0,0.0,-0.9,0.0,-0.0,-162.0,-0.0,-2.0,0.0,0.0,-2.0
17.0,0.0,17.0,0.0,0.0,-2.7,14.985456329396476,0.0,0.5001195800553024,-0.0,-0.0011958005530228345,0.0,-5400.0,0.0,0.0,0.0,0.0,0.0,0.0,0.0,-2.0,0.0,-0.0,-2.0
17.0,-0.1,17.0,0.0,0.0,0.0,14.985456329396476,0.0,0.5001195800553024,0.0,-0.0011958005530228345,0.0,0.0,0.0,0.0,-0.1,0.0,-0.0,-18.0,-0.0,-2.0,0.0,0.0,-2.0
17.0,-0.9,17.0,0.0,0.0,-0.3,14.985456329396476,0.0,0.5001195800553024,-0.0,-0.0011958005530228345,0.0,-600.0,0.0,0.0,-0.9,0.0,-0.0,-162.0,-0.0,-2.0,0.0,0.0,-2.0
17.0,0.0,17.0,0.0,0.0,-2.7,14.985456329396476,0.0,0.5001195800553024,-0.0,-0.0011958005530228345,0.0,-5400.0,0.0,0.0,0.0,0.0,0.0,0.0,0.0,-2.0,0.0,-0.0,-2.0
17.0,-0.1,17.0,0.0,0.0,0.0,14.985456329396476,0.0,0.5001195800553024,0.0,-0.0011958005530228345,0.0,0.0,0.0,0.0,-0.1,0.0,-0.0,-18.0,-0.0,-2.0,0.0,0.0,-2.0
17.0,-0.9,17.0,0.0,0.0,-0.3,14.985456329396476,0.0,0.5001195800553024,-0.0,-0.0011958005530228345,0.0,-600.0,0.0,0.0,-0.9,0.0,-0.0,-162.0,-0.0,-2.0,0.0,0.0,-2.0
17.0,0.0,17.0,0.0,0.0,-2.7,14.985456329396476,0.0,0.5001195800553024,-0.0,-0.0011958005530228345,0.0,-5400.0,0.0,0.0,0.0,0.0,0.0,0.0,0.0,-2.0,0.0,-0.0,-2.0
17.0,0.1,17.0,0.0,0.0,0.0,14.985456329396476,0.0,0.5001195800553024,0.0,-0.0011958005530228345,0.0,0.0,0.0,2.581988811405318,0.0,0.1,0.0,18.0,0.0,-2.381988811405318,-2.581988811405318,-0.0,0.2
18.0,0.0,17.0,0.0,0.7745966434215954,0.3,17.567445140801794,0.0,0.5001195800553024,0.0,-0.0011958005530228345,0.0,600.0,0.0,1.3888871028740721,0.0,0.0,0.0,0.0,0.0,-1.1888871028740722,-1.3888871028740721,-0.0,0.2
19.0,0.4,18.0,0.0,0.6654053775969337,-0.07861781249081251,18.956332243675867,0.0,0.5001195800553024,0.0,-0.0011958005530228345,157.23562498162502,0.0,0.0,0.8679855917720881,0.0,0.4,1.596972906232641,72.0,0.3850415202945362,-0.8605063519193563,-0.8679855917720881,-0.1925207601472681,0.2
20.0,0.0,19.0,0.0,1.6387803065781135,1.1214183025710458,19.824317835447953,0.0,0.500081075903273,1.596972906232641,-0.0008107590327282982,157.16339485790823,2400.0,0.0,0.6194708317154695,0.0,0.0,0.0,0.0,0.0,-0.41947083171546945,-0.6194708317154695,-0.0,0.2
21.0,-0.1,20.0,0.0,1.5897821157697856,-0.07909684895516336,20.44378866716342,0.0,0.500081075903273,0.0,-0.0008107590327282982,158.19369791032673,0.0,0.0,0.6849485838326321,-0.1,0.0,-0.9538692694618713,-18.0,-0.14518920117319473,-0.4123539832460347,-0.6849485838326321,0.07259460058659736,0.2
22.0,0.0,21.0,0.0,1.3301451536311868,-0.3790605138356506,21.128737250996053,0.0,0.5000955948233903,-0.7630954155694971,-0.000955948233901493,158.1210276713011,-600.0,0.0,0.7693494896247395,0.0,0.0,0.0,0.0,0.0,-0.5693494896247395,-0.7693494896247395,-0.0,0.2
23.0,-0.1,22.0,0.0,1.2694539552026352,-0.07888638290792202,21.898086740620794,0.0,0.5000955948233903,0.0,-0.000955948233901493,157.77276581584405,0.0,0.0,0.911795647793179,-0.1,0.0,-0.7616723731215811,-18.0,-0.15433101219034667,-0.6346301416980056,-0.911795647793179,0.07716550609517334,0.2
24.0,0.0,23.0,0.0,0.9240200423078984,-0.3788501444712872,22.809882388413975,0.0,0.5001110279246093,-0.6093378984972649,-0.0011102792460918397,157.7002889425744,-600.0,0.0,1.1372927920021898,0.0,0.0,0.0,0.0,0.0,-0.9372927920021898,-1.1372927920021898,-0.0,0.2
25.0,-0.1,24.0,0.0,0.834542269294798,-0.07867611018230039,23.947175180416163,0.0,0.5001110279246093,0.0,-0.0011102792460918397,157.35222036460078,0.0,0.0,0.0,-0.1,0.0,-0.500725361576879,-18.0,-0.0,-2.0,0.0,0.0,-2.0
25.0,0.0,25.0,0.0,0.0,-0.3786399683398254,23.947175180416163,0.0,0.5001110279246093,-0.4005802892615032,-0.0011102792460918397,157.27993667965075,-600.0,0.0,0.0,0.0,0.0,0.0,0.0,0.0,-2.0,0.0,-0.0,-2.0
25.0,0.1,25.0,0.0,0.0,0.0,23.947175180416163,0.0,0.5001110279246093,0.0,-0.0011102792460918397,0.0,0.0,0.0,2.581988811405318,0.0,0.1,0.0,18.0,0.0,-2.381988811405318,-2.581988811405318,-0.0,0.2
26.0,0.0,25.0,0.0,0.7745966434215954,0.3,26.52916399182148,0.0,0.5001110279246093,0.0,-0.0011102792460918397,0.0,600.0,0.0,1.3888871028740721,0.0,0.0,0.0,0.0,0.0,-1.1888871028740722,-1.3888871028740721,-0.0,0.2
27.0,-0.1,26.0,0.0,0.6654053775969337,-0.07861781249081251,27.918051094695553,0.0,0.5001110279246093,0.0,-0.0011102792460918397,157.23562498162502,0.0,0.0,0.0,-0.1,0.0,-0.39924322655816025,-18.0,-0.0,-2.0,0.0,0.0,-2.0
27.0,0.0,27.0,0.0,0.0,-0.3785816974289541,27.918051094695553,0.0,0.5001110279246093,-0.3193945812465282,-0.0011102792460918397,157.16339485790823,-600.0,0.0,0.0,0.0,0.0,0.0,0.0,0.0,-2.0,0.0,-0.0,-2.0
27.0,0.1,27.0,0.0,0.0,0.0,27.918051094695553,0.0,0.5001110279246093,0.0,-0.0011102792460918397,0.0,0.0,0.0,2.581988811405318,0.0,0.1,0.0,18.0,0.0,-2.381988811405318,-2.581988811405318,-0.0,0.2
28.0,0.0,27.0,0.0,0.7745966434215954,0.3,30.50003990610087,0.0,0.5001110279246093,0.0,-0.0011102792460918397,0.0,600.0,0.0,1.3888871028740721,0.0,0.0,0.0,0.0,0.0,-1.1888871028740722,-1.3888871028740721,-0.0,0.2
29.0,-0.1,28.0,0.0,0.6654053775969337,-0.07861781249081251,31.888927008974942,0.0,0.5001110279246093,0.0,-0.0011102792460918397,157.23562498162502,0.0,0.0,0.0,-0.1,0.0,-0.39924322655816025,-18.0,-0.0,-2.0,0.0,0.0,-2.0
29.0,0.0,29.0,0.0,0.0,-0.3785816974289541,31.888927008974942,0.0,0.5001110279246093,-0.3193945812465282,-0.0011102792460918397,157.16339485790823,-600.0,0.0,0.0,0.0,0.0,0.0,0.0,0.0,-2.0,0.0,-0.0,-2.0
29.0,0.1,29.0,0.0,0.0,0.0,31.888927008974942,0.0,0.5001110279246093,0.0,-0.0011102792460918397,0.0,0.0,0.0,2.581988811405318,0.0,0.1,0.0,18.0,0.0,-2.381988811405318,-2.581988811405318,-0.0,0.2
30.0,0.0,29.0,0.0,0.7745966434215954,0.3,34.47091582038026,0.0,0.5001110279246093,0.0,-0.0011102792460918397,0.0,600.0,0.0,1.3888871028740721,0.0,0.0,0.0,0.0,0.0,-1.1888871028740722,-1.3888871028740721,-0.0,0.2
31.0,0.0,30.0,0.0,0.6654053775969337,-0.07861781249081251,35.859802923254335,0.0,0.5001110279246093,0.0,-0.0011102792460918397,157.23562498162502,0.0,0.0,1.6669144036666512,0.0,0.0,0.0,0.0,0.0,-1.4669144036666513,-1.6669144036666512,-0.0,0.2
32.0,0.0,31.0,0.0,0.5344164142880354,-0.07858169742895411,37.52671732692099,0.0,0.5001110279246093,0.0,-0.0011102792460918397,157.16339485790823,0.0,0.0,2.2398954829250712,0.0,0.0,0.0,0.0,0.0,-2.039895482925071,-2.2398954829250712,-0.0,0.2
33.0,0.0,32.0,0.0,0.3584824819792508,-0.07854559895760546,39.76661280984606,0.0,0.5001110279246093,0.0,-0.0011102792460918397,157.09119791521093,0.0,0.0,0.0,0.0,0.0,0.0,0.0,0.0,-2.0,0.0,-0.0,-2.0
33.0,0.0,33.0,0.0,0.0,-0.0785095170693957,39.76661280984606,0.0,0.5001110279246093,0.0,-0.0011102792460918397,157.0190341387914,0.0,0.0,0.0,0.0,0.0,0.0,0.0,0.0,-2.0,0.0,-0.0,-2.0
33.0,0.1,33.0,0.0,0.0,0.0,39.76661280984606,0.0,0.5001110279246093,0.0,-0.0011102792460918397,0.0,0.0,0.0,2.581988811405318,0.0,0.1,0.0,18.0,0.0,-2.381988811405318,-2.581988811405318,-0.0,0.2
34.0,0.0,33.0,0.0,0.7745966434215954,0.3,42.348601621251376,0.0,0.5001110279246093,0.0,-0.0011102792460918397,0.0,600.0,0.0,1.3888871028740721,0.0,0.0,0.0,0.0,0.0,-1.1888871028740722,-1.3888871028740721,-0.0,0.2
35.0,0.0,34.0,0.0,0.6654053775969337,-0.07861781249081251,43.73748872412545,0.0,0.5001110279246093,0.0,-0.0011102792460918397,157.23562498162502,0.0,0.0,1.6669144036666512,0.0,0.0,0.0,0.0,0.0,-1.4669144036666513,-1.6669144036666512,-0.0,0.2
36.0,0.0,35.0,0.0,0.5344164142880354,-0.07858169742895411,45.4044031277921,0.0,0.5001110279246093,0.0,-0.0011102792460918397,157.16339485790823,0.0,0.0,2.2398954829250712,0.0,0.0,0.0,0.0,0.0,-2.039895482925071,-2.2398954829250712,-0.0,0.2
37.0,0.0,36.0,0.0,0.3584824819792508,-0.07854559895760546,47.64429861071717,0.0,0.5001110279246093,0.0,-0.0011102792460918397,157.09119791521093,0.0,0.0,0.0,0.0,0.0,0.0,0.0,0.0,-2.0,0.0,-0.0,-2.0
37.0,0.0,37.0,0.0,0.0,-0.0785095170693957,47.64429861071717,0.0,0.5001110279246093,0.0,-0.0011102792460918397,157.0190341387914,0.0,0.0,0.0,0.0,0.0,0.0,0.0,0.0,-2.0,0.0,-0.0,-2.0
37.0,0.1,37.0,0.0,0.0,0.0,47.64429861071717,0.0,0.5001110279246093,0.0,-0.0011102792460918397,0.0,0.0,0.0,2.581988811405318,0.0,0.1,0.0,18.0,0.0,-2.381988811405318,-2.581988811405318,-0.0,0.2
38.0,0.0,37.0,0.0,0.7745966434215954,0.3,50.22628742212249,0.0,0.5001110279246093,0.0,-0.0011102792460918397,0.0,600.0,0.0,1.3888871028740721,0.0,0.0,0.0,0.0,0.0,-1.1888871028740722,-1.3888871028740721,-0.0,0.2
39.0,0.0,38.0,0.0,0.6654053775969337,-0.07861781249081251,51.61517452499656,0.0,0.5001110279246093,0.0,-0.0011102792460918397,157.23562498162502,0.0,0.0,1.6669144036666512,0.0,0.0,0.0,0.0,0.0,-1.4669144036666513,-1.6669144036666512,-0.0,0.2
40.0,0.0,39.0,0.0,0.5344164142880354,-0.07858169742895411,53.282088928663214,0.0,0.5001110279246093,0.0,-0.0011102792460918397,157.16339485790823,0.0,0.0,2.2398954829250712,0.0,0.0,0.0,0.0,0.0,-2.039895482925071,-2.2398954829250712,-0.0,0.2
41.0,0.1,40.0,0.0,0.3584824819792508,-0.07854559895760546,55.521984411588285,0.0,0.5001110279246093,0.0,-0.0011102792460918397,157.09119791521093,0.0,0.0,1.7946031117699552,0.0,0.1,0.21508948918755047,18.0,0.10722229627916338,-1.648214259909537,-1.7946031117699552,-0.05361114813958169,0.2
42.0,0.0,41.0,0.0,0.7559699918739434,0.22149048293060428,57.31658752335824,0.0,0.5001003056949813,0.21508948918755047,-0.0010030569498126762,157.0190341387914,600.0,0.0,1.4289731384392867,0.0,0.0,0.0,0.0,0.0,-1.2289731384392868,-1.4289731384392867,-0.0,0.2
43.0,0.0,42.0,0.0,0.6436366068765682,-0.07861126425375976,58.745560661797526,0.0,0.5001003056949813,0.0,-0.0010030569498126762,157.2225285075195,0.0,0.0,1.738066007465562,0.0,0.0,0.0,0.0,0.0,-1.538066007465562,-1.738066007465562,-0.0,0.2
44.0,0.0,43.0,0.0,0.5070678058062839,-0.07857515220001814,60.48362666926309,0.0,0.5001003056949813,0.0,-0.0010030569498126762,157.15030440003628,0.0,0.0,2.4290765900825027,0.0,0.0,0.0,0.0,0.0,-2.2290765900825025,-2.4290765900825027,-0.0,0.2
45.0,0.0,44.0,0.0,0.31629042168309496,-0.07853905673542769,62.91270325934559,0.0,0.5001003056949813,0.0,-0.0010030569498126762,157.07811347085539,0.0,0.0,0.0,0.0,0.0,0.0,0.0,0.0,-2.0,0.0,-0.0,-2.0
45.0,0.0,45.0,0.0,0.0,-0.07850297785271051,62.91270325934559,0.0,0.5001003056949813,0.0,-0.0010030569498126762,157.00595570542103,0.0,0.0,0.0,0.0,0.0,0.0,0.0,0.0,-2.0,0.0,-0.0,-2.0
45.0,0.1,45.0,0.0,0.0,0.0,62.91270325934559,0.0,0.5001003056949813,0.0,-0.0010030569498126762,0.0,0.0,0.0,2.581988811405318,0.0,0.1,0.0,18.0,0.0,-2.381988811405318,-2.581988811405318,-0.0,0.2
46.0,0.0,45.0,0.0,0.7745966434215954,0.3,65.49469207075092,0.0,0.5001003056949813,0.0,-0.0010030569498126762,0.0,600.0,0.0,1.3888871028740721,0.0,0.0,0.0,0.0,0.0,-1.1888871028740722,-1.3888871028740721,-0.0,0.2
47.0,0.0,46.0,0.0,0.6654053775969337,-0.07861781249081251,66.88357917362498,0.0,0.5001003056949813,0.0,-0.0010030569498126762,157.23562498162502,0.0,0.0,1.6669144036666512,0.0,0.0,0.0,0.0,0.0,-1.4669144036666513,-1.6669144036666512,-0.0,0.2
48.0,0.0,47.0,0.0,0.5344164142880354,-0.07858169742895411,68.55049357729163,0.0,0.5001003056949813,0.0,-0.0010030569498126762,157.16339485790823,0.0,0.0,2.2398954829250712,0.0,0.0,0.0,0.0,0.0,-2.039895482925071,-2.2398954829250712,-0.0,0.2
49.0,0.0,48.0,0.0,0.3584824819792508,-0.07854559895760546,70.79038906021671,0.0,0.5001003056949813,0.0,-0.0010030569498126762,157.09119791521093,0.0,0.0,0.0,0.0,0.0,0.0,0.0,0.0,-2.0,0.0,-0.0,-2.0
49.0,0.0,49.0,0.0,0.0,-0.0785095170693957,70.79038906021671,0.0,0.5001003056949813,0.0,-0.0010030569498126762,157.0190341387914,0.0,0.0,0.0,0.0,0.0,0.0,0.0,0.0,-2.0,0.0,-0.0,-2.0
49.0,0.1,49.0,0.0,0.0,0.0,70.79038906021671,0.0,0.5001003056949813,0.0,-0.0010030569498126762,0.0,0.0,0.0,2.581988811405318,0.0,0.1,0.0,18.0,0.0,-2.381988811405318,-2.581988811405318,-0.0,0.2
50.0,0.0,49.0,0.0,0.7745966434215954,0.3,73.37237787162204,0.0,0.5001003056949813,0.0,-0.0010030569498126762,0.0,600.0,0.0,1.3888871028740721,0.0,0.0,0.0,0.0,0.0,-1.1888871028740722,-1.3888871028740721,-0.0,0.2
51.0,0.0,50.0,0.0,0.6654053775969337,-0.07861781249081251,74.7612649744961,0.0,0.5001003056949813,0.0,-0.0010030569498126762,157.23562498162502,0.0,0.0,1.6669144036666512,0.0,0.0,0.0,0.0,0.0,-1.4669144036666513,-1.6669144036666512,-0.0,0.2
52.0,0.0,51.0,0.0,0.5344164142880354,-0.07858169742895411,76.42817937816275,0.0,0.5001003056949813,0.0,-0.0010030569498126762,157.16339485790823,0.0,0.0,2.2398954829250712,0.0,0.0,0.0,0.0,0.0,-2.039895482925071,-2.2398954829250712,-0.0,0.2
53.0,0.0,52.0,0.0,0.3584824819792508,-0.07854559895760546,78.66807486108783,0.0,0.5001003056949813,0.0,-0.0010030569498126762,157.09119791521093,0.0,0.0,0.0,0.0,0.0,0.0,0.0,0.0,-2.0,0.0,-0.0,-2.0
53.0,0.0,53.0,0.0,0.0,-0.0785095170693957,78.66807486108783,0.0,0.5001003056949813,0.0,-0.0010030569498126762,157.0190341387914,0.0,0.0,0.0,0.0,0.0,0.0,0.0,0.0,-2.0,0.0,-0.0,-2.0
53.0,0.1,53.0,0.0,0.0,0.0,78.66807486108783,0.0,0.5001003056949813,0.0,-0.0010030569498126762,0.0,0.0,0.0,2.581988811405318,0.0,0.1,0.0,18.0,0.0,-2.381988811405318,-2.581988811405318,-0.0,0.2
54.0,0.4,53.0,0.0,0.7745966434215954,0.3,81.25006367249316,0.0,0.5001003056949813,0.0,-0.0010030569498126762,0.0,600.0,0.0,0.8127944952942442,0.0,0.4,1.8590319442118288,72.0,0.41972525856431414,-0.8226571245764014,-0.8127944952942442,-0.20986262928215707,0.2
55.0,0.0,54.0,0.0,1.686049912550081,1.1213821875091876,82.0628581677874,0.0,0.5000583331691248,1.8590319442118288,-0.000583331691248362,157.23562498162502,2400.0,0.0,0.6015954204264186,0.0,0.0,0.0,0.0,0.0,-0.40159542042641855,-0.6015954204264186,-0.0,0.2
56.0,0.0,55.0,0.0,1.6384438937732109,-0.07913294742690422,82.66445358821382,0.0,0.5000583331691248,0.0,-0.000583331691248362,158.26589485380842,0.0,0.0,0.6196019151431006,0.0,0.0,0.0,0.0,0.0,-0.4196019151431006,-0.6196019151431006,-0.0,0.2
57.0,0.0,56.0,0.0,1.5894354915809168,-0.07909659572465201,83.28405550335692,0.0,0.5000583331691248,0.0,-0.000583331691248362,158.193191449304,0.0,0.0,0.6393195962115286,0.0,0.0,0.0,0.0,0.0,-0.43931959621152855,-0.6393195962115286,-0.0,0.2
58.0,0.0,57.0,0.0,1.5388907176200903,-0.07906026072146699,83.92337509956846,0.0,0.5000583331691248,0.0,-0.000583331691248362,158.12052144293398,0.0,0.0,0.661038320933134,0.0,0.0,0.0,0.0,0.0,-0.46103832093313396,-0.661038320933134,-0.0,0.2
59.0,0.0,58.0,0.0,1.4866528634160798,-0.07902394240967854,84.58441342050159,0.0,0.5000583331691248,0.0,-0.000583331691248362,158.04788481935708,0.0,0.0,0.6851217421522511,0.0,0.0,0.0,0.0,0.0,-0.48512174215225107,-0.6851217421522511,-0.0,0.2
60.0,0.0,59.0,0.0,1.4325367133552804,-0.07898764078161964,85.26953516265384,0.0,0.5000583331691248,0.0,-0.000583331691248362,157.9752815632393,0.0,0.0,0.7120333804736121,0.0,0.0,0.0,0.0,0.0,-0.5120333804736121,-0.7120333804736121,-0.0,0.2
61.0,0.0,60.0,0.0,1.376320712570936,-0.078951355829627,85.98156854312745,0.0,0.5000583331691248,0.0,-0.000583331691248362,157.902711659254,0.0,0.0,0.7423749254552744,0.0,0.0,0.0,0.0,0.0,-0.5423749254552743,-0.7423749254552744,-0.0,0.2
62.0,0.0,61.0,0.0,1.3177361303366475,-0.07891508754604096,86.72394346858273,0.0,0.5000583331691248,0.0,-0.000583331691248362,157.8301750920819,0.0,0.0,0.7769441846665214,0.0,0.0,0.0,0.0,0.0,-0.5769441846665213,-0.7769441846665214,-0.0,0.2
63.0,0.0,62.0,0.0,1.2564516774728482,-0.07887883592320565,87.50088765324925,0.0,0.5000583331691248,0.0,-0.000583331691248362,157.75767184641128,0.0,0.0,0.8168258348363517,0.0,0.0,0.0,0.0,0.0,-0.6168258348363518,-0.8168258348363517,-0.0,0.2
64.0,0.0,63.0,0.0,1.1920510041283616,-0.07884260095346902,88.3177134880856,0.0,0.5000583331691248,0.0,-0.000583331691248362,157.68520190693806,0.0,0.0,0.8635394762380867,0.0,0.0,0.0,0.0,0.0,-0.6635394762380866,-0.8635394762380867,-0.0,0.2
65.0,0.0,64.0,0.0,1.1239985817485385,-0.0788063826291831,89.18125296432369,0.0,0.5000583331691248,0.0,-0.000583331691248362,157.6127652583662,0.0,0.0,0.9192933989211813,0.0,0.0,0.0,0.0,0.0,-0.7192933989211814,-0.9192933989211813,-0.0,0.2
66.0,0.0,65.0,0.0,1.0515856743760836,-0.07877018094270406,90.10054636324487,0.0,0.5000583331691248,0.0,-0.000583331691248362,157.54036188540812,0.0,0.0,0.9874468523239753,0.0,0.0,0.0,0.0,0.0,-0.7874468523239753,-0.9874468523239753,-0.0,0.2
67.0,0.0,66.0,0.0,0.9738400379671763,-0.07873399588639265,91.08799321556884,0.0,0.5000583331691248,0.0,-0.000583331691248362,157.4679917727853,0.0,0.0,1.0734197370572391,0.0,0.0,0.0,0.0,0.0,-0.8734197370572392,-1.0734197370572391,-0.0,0.2
68.0,0.0,67.0,0.0,0.8893642367160145,-0.07869782745261492,92.16141295262608,0.0,0.5000583331691248,0.0,-0.000583331691248362,157.39565490522983,0.0,0.0,1.186674251468545,0.0,0.0,0.0,0.0,0.0,-0.9866742514685451,-1.186674251468545,-0.0,0.2
69.0,0.0,68.0,0.0,0.7960184516640806,-0.0786616756337434,93.34808720409463,0.0,0.5000583331691248,0.0,-0.000583331691248362,157.3233512674868,0.0,0.0,1.345685391555652,0.0,0.0,0.0,0.0,0.0,-1.145685391555652,-1.345685391555652,-0.0,0.2
70.0,0.0,69.0,0.0,0.6902132105148118,-0.07862554042215981,94.69377259565027,0.0,0.5000583331691248,0.0,-0.000583331691248362,157.25108084431963,0.0,0.0,1.5933657555381977,0.0,0.0,0.0,0.0,0.0,-1.3933657555381977,-1.5933657555381977,-0.0,0.2
71.0,0.0,70.0,0.0,0.5649915170547941,-0.07858942181026167,96.28713835118847,0.0,0.5000583331691248,0.0,-0.000583331691248362,157.17884362052334,0.0,0.0,2.0669298044514113,0.0,0.0,0.0,0.0,0.0,-1.8669298044514113,-2.0669298044514113,-0.0,0.2
72.0,0.0,71.0,0.0,0.4026273191412437,-0.0785533197904821,98.35406815563988,0.0,0.5000583331691248,0.0,-0.000583331691248362,157.1066395809642,0.0,0.0,4.220644262071813,0.0,0.0,0.0,0.0,0.0,-4.020644262071813,-4.220644262071813,-0.0,0.2
73.0,0.0,72.0,0.0,0.07123400448545947,-0.07851723435538042,102.5747124177117,0.0,0.5000583331691248,0.0,-0.000583331691248362,157.03446871076085,0.0,0.0,0.0,0.0,0.0,0.0,0.0,0.0,-2.0,0.0,-0.0,-2.0
73.0,0.0,73.0,0.0,0.0,-0.07848116549946729,102.5747124177117,0.0,0.5000583331691248,0.0,-0.000583331691248362,156.9623309989346,0.0,0.0,0.0,0.0,0.0,0.0,0.0,0.0,-2.0,0.0,-0.0,-2.0
73.0,0.1,73.0,0.0,0.0,0.0,102.5747124177117,0.0,0.5000583331691248,0.0,-0.000583331691248362,0.0,0.0,0.0,2.581988811405318,0.0,0.1,0.0,18.0,0.0,-2.381988811405318,-2.581988811405318,-0.0,0.2
74.0,0.4,73.0,0.0,0.7745966434215954,0.3,105.15670122911702,0.0,0.5000583331691248,0.0,-0.000583331691248362,0.0,600.0,0.0,0.8127944952942442,0.0,0.4,1.8590319442118288,72.0,0.41972525856431414,-0.8226571245764014,-0.8127944952942442,-0.20986262928215707,0.2
75.0,0.0,74.0,0.0,1.686049912550081,1.1213821875091876,105.96949572441126,0.0,0.5000163606432684,1.8590319442118288,-0.00016360643268404788,157.23562498162502,2400.0,0.0,0.6015954204264186,0.0,0.0,0.0,0.0,0.0,-0.40159542042641855,-0.6015954204264186,-0.0,0.2
76.0,0.0,75.0,0.0,1.6384438937732109,-0.07913294742690422,106.57109114483768,0.0,0.5000163606432684,0.0,-0.00016360643268404788,158.26589485380842,0.0,0.0,0.6196019151431006,0.0,0.0,0.0,0.0,0.0,-0.4196019151431006,-0.6196019151431006,-0.0,0.2
77.0,0.0,76.0,0.0,1.5894354915809168,-0.07909659572465201,107.19069305998079,0.0,0.5000163606432684,0.0,-0.00016360643268404788,158.193191449304,0.0,0.0,0.6393195962115286,0.0,0.0,0.0,0.0,0.0,-0.43931959621152855,-0.6393195962115286,-0.0,0.2
78.0,0.0,77.0,0.0,1.5388907176200903,-0.07906026072146699,107.83001265619231,0.0,0.5000163606432684,0.0,-0.00016360643268404788,158.12052144293398,0.0,0.0,0.661038320933134,0.0,0.0,0.0,0.0,0.0,-0.46103832093313396,-0.661038320933134,-0.0,0.2
79.0,0.0,78.0,0.0,1.4866528634160798,-0.07902394240967854,108.49105097712544,0.0,0.5000163606432684,0.0,-0.00016360643268404788,158.04788481935708,0.0,0.0,0.6851217421522511,0.0,0.0,0.0,0.0,0.0,-0.48512174215225107,-0.6851217421522511,-0.0,0.2
80.0,0.0,79.0,0.0,1.4325367133552804,-0.07898764078161964,109.17617271927769,0.0,0.5000163606432684,0.0,-0.00016360643268404788,157.9752815632393,0.0,0.0,0.7120333804736121,0.0,0.0,0.0,0.0,0.0,-0.5120333804736121,-0.7120333804736121,-0.0,0.2
81.0,0.0,80.0,0.0,1.376320712570936,-0.078951355829627,109.8882060997513,0.0,0.5000163606432684,0.0,-0.00016360643268404788,157.902711659254,0.0,0.0,0.7423749254552744,0.0,0.0,0.0,0.0,0.0,-0.5423749254552743,-0.7423749254552744,-0.0,0.2
82.0,0.0,81.0,0.0,1.3177361303366475,-0.07891508754604096,110.63058102520658,0.0,0.5000163606432684,0.0,-0.00016360643268404788,157.8301750920819,0.0,0.0,0.7769441846665214,0.0,0.0,0.0,0.0,0.0,-0.5769441846665213,-0.7769441846665214,-0.0,0.2
83.0,0.0,82.0,0.0,1.2564516774728482,-0.07887883592320565,111.4075252098731,0.0,0.5000163606432684,0.0,-0.00016360643268404788,157.75767184641128,0.0,0.0,0.8168258348363517,0.0,0.0,0.0,0.0,0.0,-0.6168258348363518,-0.8168258348363517,-0.0,0.2
84.0,0.0,83.0,0.0,1.1920510041283616,-0.07884260095346902,112.22435104470945,0.0,0.5000163606432684,0.0,-0.00016360643268404788,157.68520190693806,0.0,0.0,0.8635394762380867,0.0,0.0,0.0,0.0,0.0,-0.6635394762380866,-0.8635394762380867,-0.0,0.2
85.0,0.0,84.0,0.0,1.1239985817485385,-0.0788063826291831,113.08789052094754,0.0,0.5000163606432684,0.0,-0.00016360643268404788,157.6127652583662,0.0,0.0,0.9192933989211813,0.0,0.0,0.0,0.0,0.0,-0.7192933989211814,-0.9192933989211813,-0.0,0.2
86.0,0.0,85.0,0.0,1.0515856743760836,-0.07877018094270406,114.00718391986872,0.0,0.5000163606432684,0.0,-0.00016360643268404788,157.54036188540812,0.0,0.0,0.9874468523239753,0.0,0.0,0.0,0.0,0.0,-0.7874468523239753,-0.9874468523239753,-0.0,0.2
87.0,0.0,86.0,0.0,0.9738400379671763,-0.07873399588639265,114.99463077219269,0.0,0.5000163606432684,0.0,-0.00016360643268404788,157.4679917727853,0.0,0.0,1.0734197370572391,0.0,0.0,0.0,0.0,0.0,-0.8734197370572392,-1.0734197370572391,-0.0,0.2
88.0,0.0,87.0,0.0,0.8893642367160145,-0.07869782745261492,116.06805050924993,0.0,0.5000163606432684,0.0,-0.00016360643268404788,157.39565490522983,0.0,0.0,1.186674251468545,0.0,0.0,0.0,0.0,0.0,-0.9866742514685451,-1.186674251468545,-0.0,0.2
89.0,0.0,88.0,0.0,0.7960184516640806,-0.0786616756337434,117.25472476071847,0.0,0.5000163606432684,0.0,-0.00016360643268404788,157.3233512674868,0.0,0.0,1.345685391555652,0.0,0.0,0.0,0.0,0.0,-1.145685391555652,-1.345685391555652,-0.0,0.2
90.0,0.0,89.0,0.0,0.6902132105148118,-0.07862554042215981,118.60041015227412,0.0,0.5000163606432684,0.0,-0.00016360643268404788,157.25108084431963,0.0,0.0,1.5933657555381977,0.0,0.0,0.0,0.0,0.0,-1.3933657555381977,-1.5933657555381977,-0.0,0.2
91.0,0.0,90.0,0.0,0.5649915170547941,-0.07858942181026167,120.19377590781232,0.0,0.5000163606432684,0.0,-0.00016360643268404788,157.17884362052334,0.0,0.0,2.0669298044514113,0.0,0.0,0.0,0.0,0.0,-1.8669298044514113,-2.0669298044514113,-0.0,0.2
92.0,0.0,91.0,0.0,0.4026273191412437,-0.0785533197904821,122.26070571226373,0.0,0.5000163606432684,0.0,-0.00016360643268404788,157.1066395809642,0.0,0.0,4.220644262071813,0.0,0.0,0.0,0.0,0.0,-4.020644262071813,-4.220644262071813,-0.0,0.2
93.0,0.0,92.0,0.0,0.07123400448545947,-0.07851723435538042,126.48134997433554,0.0,0.5000163606432684,0.0,-0.00016360643268404788,157.03446871076085,0.0,0.0,0.0,0.0,0.0,0.0,0.0,0.0,-2.0,0.0,-0.0,-2.0
93.0,0.0,93.0,0.0,0.0,-0.07848116549946729,126.48134997433554,0.0,0.5000163606432684,0.0,-0.00016360643268404788,156.9623309989346,0.0,0.0,0.0,0.0,0.0,0.0,0.0,0.0,-2.0,0.0,-0.0,-2.0
93.0,0.1,93.0,0.0,0.0,0.0,126.48134997433554,0.0,0.5000163606432684,0.0,-0.00016360643268404788,0.0,0.0,0.0,2.581988811405318,0.0,0.1,0.0,18.0,0.0,-2.381988811405318,-2.581988811405318,-0.0,0.2
94.0,0.4,93.0,0.0,0.7745966434215954,0.3,129.06333878574085,0.0,0.5000163606432684,0.0,-0.00016360643268404788,0.0,600.0,0.0,0.8127944952942442,0.0,0.4,1.8590319442118288,72.0,0.41972525856431414,-0.8226571245764014,-0.8127944952942442,-0.20986262928215707,0.2
95.0,0.0,94.0,0.0,1.686049912550081,1.1213821875091876,129.8761332810351,0.0,0.49997438811741196,1.8590319442118288,0.00025611882588026625,157.23562498162502,2400.0,0.0,0.6015954204264186,0.0,0.0,0.0,0.0,0.0,-0.40159542042641855,-0.6015954204264186,-0.0,0.2
96.0,0.0,95.0,0.0,1.6384438937732109,-0.07913294742690422,130.4777287014615,0.0,0.49997438811741196,0.0,0.00025611882588026625,158.26589485380842,0.0,0.0,0.6196019151431006,0.0,0.0,0.0,0.0,0.0,-0.4196019151431006,-0.6196019151431006,-0.0,0.2
97.0,0.0,96.0,0.0,1.5894354915809168,-0.07909659572465201,131.0973306166046,0.0,0.49997438811741196,0.0,0.00025611882588026625,158.193191449304,0.0,0.0,0.6393195962115286,0.0,0.0,0.0,0.0,0.0,-0.43931959621152855,-0.6393195962115286,-0.0,0.2
98.0,0.0,97.0,0.0,1.5388907176200903,-0.07906026072146699,131.73665021281613,0.0,0.49997438811741196,0.0,0.00025611882588026625,158.12052144293398,0.0,0.0,0.661038320933134,0.0,0.0,0.0,0.0,0.0,-0.46103832093313396,-0.661038320933134,-0.0,0.2
99.0,0.0,98.0,0.0,1.4866528634160798,-0.07902394240967854,132.39768853374926,0.0,0.49997438811741196,0.0,0.00025611882588026625,158.04788481935708,0.0,0.0,0.6851217421522511,0.0,0.0,0.0,0.0,0.0,-0.48512174215225107,-0.6851217421522511,-0.0,0.2
100.0,0.0,99.0,0.0,1.4325367133552804,-0.07898764078161964,133.08281027590152,0.0,0.49997438811741196,0.0,0.00025611882588026625,157.9752815632393,0.0,0.0,0.7120333804736121,0.0,0.0,0.0,0.0,0.0,-0.5120333804736121,-0.7120333804736121,-0.0,0.2
101.0,0.0,100.0,0.0,1.376320712570936,-0.078951355829627,133.79484365637512,0.0,0.49997438811741196,0.0,0.00025611882588026625,157.902711659254,0.0,0.0,0.7423749254552744,0.0,0.0,0.0,0.0,0.0,-0.5423749254552743,-0.7423749254552744,-0.0,0.2
102.0,0.0,101.0,0.0,1.3177361303366475,-0.07891508754604096,134.5372185818304,0.0,0.49997438811741196,0.0,0.00025611882588026625,157.8301750920819,0.0,0.0,0.7769441846665214,0.0,0.0,0.0,0.0,0.0,-0.5769441846665213,-0.7769441846665214,-0.0,0.2
103.0,0.0,102.0,0.0,1.2564516774728482,-0.07887883592320565,135.3141627664969,0.0,0.49997438811741196,0.0,0.00025611882588026625,157.75767184641128,0.0,0.0,0.8168258348363517,0.0,0.0,0.0,0.0,0.0,-0.6168258348363518,-0.8168258348363517,-0.0,0.2
104.0,0.0,103.0,0.0,1.1920510041283616,-0.07884260095346902,136.13098860133326,0.0,0.49997438811741196,0.0,0.00025611882588026625,157.68520190693806,0.0,0.0,0.8635394762380867,0.0,0.0,0.0,0.0,0.0,-0.6635394762380866,-0.8635394762380867,-0.0,0.2
105.0,0.0,104.0,0.0,1.1239985817485385,-0.0788063826291831,136.99452807757135,0.0,0.49997438811741196,0.0,0.00025611882588026625,157.6127652583662,0.0,0.0,0.9192933989211813,0.0,0.0,0.0,0.0,0.0,-0.7192933989211814,-0.9192933989211813,-0.0,0.2
106.0,0.0,105.0,0.0,1.0515856743760836,-0.07877018094270406,137.91382147649253,0.0,0.49997438811741196,0.0,0.00025611882588026625,157.54036188540812,0.0,0.0,0.9874468523239753,0.0,0.0,0.0,0.0,0.0,-0.7874468523239753,-0.9874468523239753,-0.0,0.2
107.0,0.0,106.0,0.0,0.9738400379671763,-0.07873399588639265,138.9012683288165,0.0,0.49997438811741196,0.0,0.00025611882588026625,157.4679917727853,0.0,0.0,1.0734197370572391,0.0,0.0,0.0,0.0,0.0,-0.8734197370572392,-1.0734197370572391,-0.0,0.2
108.0,0.0,107.0,0.0,0.8893642367160145,-0.07869782745261492,139.97468806587375,0.0,0.49997438811741196,0.0,0.00025611882588026625,157.39565490522983,0.0,0.0,1.186674251468545,0.0,0.0,0.0,0.0,0.0,-0.9866742514685451,-1.186674251468545,-0.0,0.2
109.0,0.0,108.0,0.0,0.7960184516640806,-0.0786616756337434,141.16136231734228,0.0,0.49997438811741196,0.0,0.00025611882588026625,157.3233512674868,0.0,0.0,1.345685391555652,0.0,0.0,0.0,0.0,0.0,-1.145685391555652,-1.345685391555652,-0.0,0.2
110.0,0.0,109.0,0.0,0.6902132105148118,-0.07862554042215981,142.50704770889794,0.0,0.49997438811741196,0.0,0.00025611882588026625,157.25108084431963,0.0,0.0,1.5933657555381977,0.0,0.0,0.0,0.0,0.0,-1.3933657555381977,-1.5933657555381977,-0.0,0.2
111.0,0.0,110.0,0.0,0.5649915170547941,-0.07858942181026167,144.10041346443614,0.0,0.49997438811741196,0.0,0.00025611882588026625,157.17884362052334,0.0,0.0,2.0669298044514113,0.0,0.0,0.0,0.0,0.0,-1.8669298044514113,-2.0669298044514113,-0.0,0.2
112.0,0.0,111.0,0.0,0.4026273191412437,-0.0785533197904821,146.16734326888755,0.0,0.49997438811741196,0.0,0.00025611882588026625,157.1066395809642,0.0,0.0,4.220644262071813,0.0,0.0,0.0,0.0,0.0,-4.020644262071813,-4.220644262071813,-0.0,0.2
113.0,-0.1,112.0,0.0,0.07123400448545947,-0.07851723435538042,150.38798753095935,0.0,0.49997438811741196,0.0,0.00025611882588026625,157.03446871076085,0.0,0.0,0.0,-0.1,0.0,-0.04274040269127567,-18.0,-0.0,-2.0,0.0,0.0,-2.0
113.0,-0.1,113.0,0.0,0.0,-0.3784811654994673,150.38798753095935,0.0,0.49997438811741196,-0.03419232215302054,0.00025611882588026625,156.9623309989346,-600.0,0.0,0.0,-0.1,0.0,-0.0,-18.0,-0.0,-2.0,0.0,0.0,-2.0
113.0,0.0,113.0,0.0,0.0,-0.3,150.38798753095935,0.0,0.49997438811741196,-0.0,0.00025611882588026625,0.0,-600.0,0.0,0.0,0.0,0.0,0.0,0.0,0.0,-2.0,0.0,-0.0,-2.0
113.0,0.1,113.0,0.0,0.0,0.0,150.38798753095935,0.0,0.49997438811741196,0.0,0.00025611882588026625,0.0,0.0,0.0,2.581988811405318,0.0,0.1,0.0,18.0,0.0,-2.381988811405318,-2.581988811405318,-0.0,0.2
114.0,-0.1,113.0,0.0,0.7745966434215954,0.3,152.96997634236467,0.0,0.49997438811741196,0.0,0.00025611882588026625,0.0,600.0,0.0,0.0,-0.1,0.0,-0.4647579860529572,-18.0,-0.0,-2.0,0.0,0.0,-2.0
114.0,-0.1,114.0,0.0,0.0,-0.3786178124908125,152.96997634236467,0.0,0.49997438811741196,-0.3718063888423658,0.00025611882588026625,157.23562498162502,-600.0,0.0,0.0,-0.1,0.0,-0.0,-18.0,-0.0,-2.0,0.0,0.0,-2.0
114.0,0.0,114.0,0.0,0.0,-0.3,152.96997634236467,0.0,0.49997438811741196,-0.0,0.00025611882588026625,0.0,-600.0,0.0,0.0,0.0,0.0,0.0,0.0,0.0,-2.0,0.0,-0.0,-2.0
114.0,0.1,114.0,0.0,0.0,0.0,152.96997634236467,0.0,0.49997438811741196,0.0,0.00025611882588026625,0.0,0.0,0.0,2.581988811405318,0.0,0.1,0.0,18.0,0.0,-2.381988811405318,-2.581988811405318,-0.0,0.2
115.0,-0.1,114.0,0.0,0.7745966434215954,0.3,155.55196515377,0.0,0.49997438811741196,0.0,0.00025611882588026625,0.0,600.0,0.0,0.0,-0.1,0.0,-0.4647579860529572,-18.0,-0.0,-2.0,0.0,0.0,-2.0
115.0,-0.1,115.0,0.0,0.0,-0.3786178124908125,155.55196515377,0.0,0.49997438811741196,-0.3718063888423658,0.00025611882588026625,157.23562498162502,-600.0,0.0,0.0,-0.1,0.0,-0.0,-18.0,-0.0,-2.0,0.0,0.0,-2.0
115.0,0.0,115.0,0.0,0.0,-0.3,155.55196515377,0.0,0.49997438811741196,-0.0,0.00025611882588026625,0.0,-600.0,0.0,0.0,0.0,0.0,0.0,0.0,0.0,-2.0,0.0,-0.0,-2.0
115.0,0.1,115.0,0.0,0.0,0.0,155.55196515377,0.0,0.49997438811741196,0.0,0.00025611882588026625,0.0,0.0,0.0,2.581988811405318,0.0,0.1,0.0,18.0,0.0,-2.381988811405318,-2.581988811405318,-0.0,0.2
116.0,-0.1,115.0,0.0,0.7745966434215954,0.3,158.13395396517532,0.0,0.49997438811741196,0.0,0.00025611882588026625,0.0,600.0,0.0,0.0,-0.1,0.0,-0.4647579860529572,-18.0,-0.0,-2.0,0.0,0.0,-2.0
116.0,-0.1,116.0,0.0,0.0,-0.3786178124908125,158.13395396517532,0.0,0.49997438811741196,-0.3718063888423658,0.00025611882588026625,157.23562498162502,-600.0,0.0,0.0,-0.1,0.0,-0.0,-18.0,-0.0,-2.0,0.0,0.0,-2.0
116.0,0.0,116.0,0.0,0.0,-0.3,158.13395396517532,0.0,0.49997438811741196,-0.0,0.00025611882588026625,0.0,-600.0,0.0,0.0,0.0,0.0,0.0,0.0,0.0,-2.0,0.0,-0.0,-2.0
116.0,0.1,116.0,0.0,0.0,0.0,158.13395396517532,0.0,0.49997438811741196,0.0,0.00025611882588026625,0.0,0.0,0.0,2.581988811405318,0.0,0.1,0.0,18.0,0.0,-2.381988811405318,-2.581988811405318,-0.0,0.2
117.0,-0.1,116.0,0.0,0.7745966434215954,0.3,160.71594277658065,0.0,0.49997438811741196,0.0,0.00025611882588026625,0.0,600.0,0.0,0.0,-0.1,0.0,-0.4647579860529572,-18.0,-0.0,-2.0,0.0,0.0,-2.0
117.0,-0.1,117.0,0.0,0.0,-0.3786178124908125,160.71594277658065,0.0,0.49997438811741196,-0.3718063888423658,0.00025611882588026625,157.23562498162502,-600.0,0.0,0.0,-0.1,0.0,-0.0,-18.0,-0.0,-2.0,0.0,0.0,-2.0
117.0,0.0,117.0,0.0,0.0,-0.3,160.71594277658065,0.0,0.49997438811741196,-0.0,0.00025611882588026625,0.0,-600.0,0.0,0.0,0.0,0.0,0.0,0.0,0.0,-2.0,0.0,-0.0,-2.0
117.0,0.1,117.0,0.0,0.0,0.0,160.71594277658065,0.0,0.49997438811741196,0.0,0.00025611882588026625,0.0,0.0,0.0,2.581988811405318,0.0,0.1,0.0,18.0,0.0,-2.381988811405318,-2.581988811405318,-0.0,0.2
118.0,-0.1,117.0,0.0,0.7745966434215954,0.3,163.29793158798597,0.0,0.49997438811741196,0.0,0.00025611882588026625,0.0,600.0,0.0,0.0,-0.1,0.0,-0.4647579860529572,-18.0,-0.0,-2.0,0.0,0.0,-2.0
118.0,-0.1,118.0,0.0,0.0,-0.3786178124908125,163.29793158798597,0.0,0.49997438811741196,-0.3718063888423658,0.00025611882588026625,157.23562498162502,-600.0,0.0,0.0,-0.1,0.0,-0.0,-18.0,-0.0,-2.0,0.0,0.0,-2.0
118.0,0.0,118.0,0.0,0.0,-0.3,163.29793158798597,0.0,0.49997438811741196,-0.0,0.00025611882588026625,0.0,-600.0,0.0,0.0,0.0,0.0,0.0,0.0,0.0,-2.0,0.0,-0.0,-2.0
118.0,0.1,118.0,0.0,0.0,0.0,163.29793158798597,0.0,0.49997438811741196,0.0,0.00025611882588026625,0.0,0.0,0.0,2.581988811405318,0.0,0.1,0.0,18.0,0.0,-2.381988811405318,-2.581988811405318,-0.0,0.2
119.0,-0.1,118.0,0.0,0.7745966434215954,0.3,165.8799203993913,0.0,0.49997438811741196,0.0,0.00025611882588026625,0.0,600.0,0.0,0.0,-0.1,0.0,-0.4647579860529572,-18.0,-0.0,-2.0,0.0,0.0,-2.0
119.0,-0.1,119.0,0.0,0.0,-0.3786178124908125,165.8799203993913,0.0,0.49997438811741196,-0.3718063888423658,0.00025611882588026625,157.23562498162502,-600.0,0.0,0.0,-0.1,0.0,-0.0,-18.0,-0.0,-2.0,0.0,0.0,-2.0
119.0,0.0,119.0,0.0,0.0,-0.3,165.8799203993913,0.0,0.49997438811741196,-0.0,0.00025611882588026625,0.0,-600.0,0.0,0.0,0.0,0.0,0.0,0.0,0.0,-2.0,0.0,-0.0,-2.0
119.0,0.1,119.0,0.0,0.0,0.0,165.8799203993913,0.0,0.49997438811741196,0.0,0.00025611882588026625,0.0,0.0,0.0,2.581988811405318,0.0,0.1,0.0,18.0,0.0,-2.381988811405318,-2.581988811405318,-0.0,0.2
120.0,-0.1,119.0,0.0,0.7745966434215954,0.3,168.46190921079662,0.0,0.49997438811741196,0.0,0.00025611882588026625,0.0,600.0,0.0,0.0,-0.1,0.0,-0.4647579860529572,-18.0,-0.0,-2.0,0.0,0.0,-2.0
120.0,-0.1,120.0,0.0,0.0,-0.3786178124908125,168.46190921079662,0.0,0.49997438811741196,-0.3718063888423658,0.00025611882588026625,157.23562498162502,-600.0,0.0,0.0,-0.1,0.0,-0.0,-18.0,-0.0,-2.0,0.0,0.0,-2.0
120.0,0.0,120.0,0.0,0.0,-0.3,168.46190921079662,0.0,0.49997438811741196,-0.0,0.00025611882588026625,0.0,-600.0,0.0,0.0,0.0,0.0,0.0,0.0,0.0,-2.0,0.0,-0.0,-2.0
120.0,0.1,120.0,0.0,0.0,0.0,168.46190921079662,0.0,0.49997438811741196,0.0,0.00025611882588026625,0.0,0.0,0.0,2.581988811405318,0.0,0.1,0.0,18.0,0.0,-2.381988811405318,-2.581988811405318,-0.0,0.2
121.0,0.8,120.0,0.0,0.7745966434215954,0.3,171.04389802220194,0.0,0.49997438811741196,0.0,0.00025611882588026625,0.0,600.0,0.0,0.6526765431920905,0.0,0.8,3.7180638884236576,144.0,0.6740814127954708,-0.7897172495898259,-0.6526765431920905,-0.3370407063977354,0.2
122.0,0.0,121.0,0.0,2.289708344992785,2.3213821875091876,171.69657456539403,0.0,0.4999069799761324,3.7180638884236576,0.0009302002386757371,157.23562498162502,4800.0,0.0,0.4401072821898782,0.0,0.0,0.0,0.0,0.0,-0.2401072821898782,-0.4401072821898782,-0.0,0.2
123.0,-0.1,122.0,0.0,2.2546387494299993,-0.07968419742633447,172.1366818475839,0.0,0.4999069799761324,0.0,0.0009302002386757371,159.36839485266893,0.0,0.0,0.4614583260937591,-0.1,0.0,-1.3527832496579995,-18.0,-0.13872290976774582,-0.19209687120988617,-0.4614583260937591,0.06936145488387291,0.2
124.0,-0.1,123.0,0.0,2.0794472068923846,-0.37964759249358343,172.59814017367765,0.0,0.4999208522671092,-1.0822265997263996,0.0007914773289079913,159.29518498716686,-600.0,0.0,0.5040819647460266,-0.1,0.0,-1.247668324135431,-18.0,-0.1397615778181268,-0.2342011758369632,-0.5040819647460266,0.0698807889090634,0.2
125.0,-0.1,124.0,0.0,1.8881616147628963,-0.37947319187637363,173.10222213842368,0.0,0.499934828424891,-0.9981346593083448,0.0006517157510898645,158.94638375274727,-600.0,0.0,0.5612554839056589,-0.1,0.0,-1.132896968857738,-18.0,-0.14129880810477866,-0.2906060798532696,-0.5612554839056589,0.07064940405238933,0.2
126.0,-0.1,125.0,0.0,1.6752780431647405,-0.37929887137448315,173.66347762232934,0.0,0.49994895830570146,-0.9063175750861904,0.0005104169429850859,158.59774274896628,-600.0,0.0,0.6438178263126064,-0.1,0.0,-1.0051668258988444,-18.0,-0.14380984909594136,-0.3719129017646357,-0.6438178263126064,0.07190492454797068,0.2
127.0,-0.1,126.0,0.0,1.4311908473642174,-0.37912463095112614,174.30729544864195,0.0,0.49996333929061104,-0.8041334607190755,0.0003666070938891446,158.24926190225236,-600.0,0.0,0.7790736764027346,-0.1,0.0,-0.8587145084185305,-18.0,-0.14866708201199813,-0.5047401353967356,-0.7790736764027346,0.07433354100599907,0.2
128.0,-0.1,127.0,0.0,1.1359605110830517,-0.37895047056955017,175.08636912504468,0.0,0.49997820599881226,-0.6869716067348244,0.00021794001187714645,157.9009411391004,-600.0,0.0,1.0718523664903212,-0.1,0.0,-0.6815763066498312,-18.0,-0.16234426160585655,-0.790680235687393,-1.0718523664903212,0.08117213080292827,0.2
129.0,-0.1,128.0,0.0,0.7299681408839518,-0.37877639019306686,176.15822149153502,0.0,0.4999944404249729,-0.545261045319865,5.559575027128989e-05,157.55278038613372,-600.0,0.0,0.0,-0.1,0.0,-0.4379808845303711,-18.0,-0.0,-2.0,0.0,0.0,-2.0
129.0,-0.1,129.0,0.0,0.0,-0.37860238978522764,176.15822149153502,0.0,0.4999944404249729,-0.3503847076242969,5.559575027128989e-05,157.20477957045537,-600.0,0.0,0.0,-0.1,0.0,-0.0,-18.0,-0.0,-2.0,0.0,0.0,-2.0
129.0,0.1,129.0,0.0,0.0,-0.3,176.15822149153502,0.0,0.4999944404249729,-0.0,5.559575027128989e-05,0.0,-600.0,0.0,2.581988811405318,0.0,0.1,0.0,18.0,0.0,-2.381988811405318,-2.581988811405318,-0.0,0.2
130.0,0.8,129.0,0.0,0.7745966434215954,0.3,178.74021030294034,0.0,0.4999944404249729,0.0,5.559575027128989e-05,0.0,600.0,0.0,0.6526765431920905,0.0,0.8,3.7180638884236576,144.0,0.6740814127954708,-0.7897172495898259,-0.6526765431920905,-0.3370407063977354,0.2
131.0,0.0,130.0,0.0,2.289708344992785,2.3213821875091876,179.39288684613243,0.0,0.49992703228369334,3.7180638884236576,0.0007296771630667608,157.23562498162502,4800.0,0.0,0.4401072821898782,0.0,0.0,0.0,0.0,0.0,-0.2401072821898782,-0.4401072821898782,-0.0,0.2
132.0,-0.1,131.0,0.0,2.2546387494299993,-0.07968419742633447,179.8329941283223,0.0,0.49992703228369334,0.0,0.0007296771630667608,159.36839485266893,0.0,0.0,0.4614583260937591,-0.1,0.0,-1.3527832496579995,-18.0,-0.13872290976774582,-0.19209687120988617,-0.4614583260937591,0.06936145488387291,0.2
133.0,-0.1,132.0,0.0,2.0794472068923846,-0.37964759249358343,180.29445245441605,0.0,0.4999409045746701,-1.0822265997263996,0.000590954253299015,159.29518498716686,-600.0,0.0,0.5040819647460266,-0.1,0.0,-1.247668324135431,-18.0,-0.1397615778181268,-0.2342011758369632,-0.5040819647460266,0.0698807889090634,0.2
134.0,-0.1,133.0,0.0,1.8881616147628963,-0.37947319187637363,180.79853441916208,0.0,0.4999548807324519,-0.9981346593083448,0.00045119267548088824,158.94638375274727,-600.0,0.0,0.5612554839056589,-0.1,0.0,-1.132896968857738,-18.0,-0.14129880810477866,-0.2906060798532696,-0.5612554839056589,0.07064940405238933,0.2
135.0,-0.1,134.0,0.0,1.6752780431647405,-0.37929887137448315,181.35978990306774,0.0,0.4999690106132624,-0.9063175750861904,0.00030989386737610957,158.59774274896628,-600.0,0.0,0.6438178263126064,-0.1,0.0,-1.0051668258988444,-18.0,-0.14380984909594136,-0.3719129017646357,-0.6438178263126064,0.07190492454797068,0.2
136.0,-0.1,135.0,0.0,1.4311908473642174,-0.37912463095112614,182.00360772938035,0.0,0.49998339159817196,-0.8041334607190755,0.00016608401828016822,158.24926190225236,-600.0,0.0,0.7790736764027346,-0.1,0.0,-0.8587145084185305,-18.0,-0.14866708201199813,-0.5047401353967356,-0.7790736764027346,0.07433354100599907,0.2
137.0,-0.1,136.0,0.0,1.1359605110830517,-0.37895047056955017,182.78268140578308,0.0,0.4999982583063732,-0.6869716067348244,1.7416936268170087e-05,157.9009411391004,-600.0,0.0,1.0718523664903212,-0.1,0.0,-0.6815763066498312,-18.0,-0.16234426160585655,-0.790680235687393,-1.0718523664903212,0.08117213080292827,0.2
138.0,-0.1,137.0,0.0,0.7299681408839518,-0.37877639019306686,183.8545337722734,0.0,0.5000144927325337,-0.545261045319865,-0.00014492732533768647,157.55278038613372,-600.0,0.0,0.0,-0.1,0.0,-0.4379808845303711,-18.0,-0.0,-2.0,0.0,0.0,-2.0
138.0,-0.1,138.0,0.0,0.0,-0.37860238978522764,183.8545337722734,0.0,0.5000144927325337,-0.3503847076242969,-0.00014492732533768647,157.20477957045537,-600.0,0.0,0.0,-0.1,0.0,-0.0,-18.0,-0.0,-2.0,0.0,0.0,-2.0
138.0,0.1,138.0,0.0,0.0,-0.3,183.8545337722734,0.0,0.5000144927325337,-0.0,-0.00014492732533768647,0.0,-600.0,0.0,2.581988811405318,0.0,0.1,0.0,18.0,0.0,-2.381988811405318,-2.581988811405318,-0.0,0.2
139.0,-0.1,138.0,0.0,0.7745966434215954,0.3,186.43652258367874,0.0,0.5000144927325337,0.0,-0.00014492732533768647,0.0,600.0,0.0,0.0,-0.1,0.0,-0.4647579860529572,-18.0,-0.0,-2.0,0.0,0.0,-2.0
139.0,-0.1,139.0,0.0,0.0,-0.3786178124908125,186.43652258367874,0.0,0.5000144927325337,-0.3718063888423658,-0.00014492732533768647,157.23562498162502,-600.0,0.0,0.0,-0.1,0.0,-0.0,-18.0,-0.0,-2.0,0.0,0.0,-2.0
139.0,0.1,139.0,0.0,0.0,-0.3,186.43652258367874,0.0,0.5000144927325337,-0.0,-0.00014492732533768647,0.0,-600.0,0.0,2.581988811405318,0.0,0.1,0.0,18.0,0.0,-2.381988811405318,-2.581988811405318,-0.0,0.2
140.0,-0.1,139.0,0.0,0.7745966434215954,0.3,189.01851139508406,0.0,0.5000144927325337,0.0,-0.00014492732533768647,0.0,600.0,0.0,0.0,-0.1,0.0,-0.4647579860529572,-18.0,-0.0,-2.0,0.0,0.0,-2.0
140.0,-0.1,140.0,0.0,0.0,-0.3786178124908125,189.01851139508406,0.0,0.5000144927325337,-0.3718063888423658,-0.00014492732533768647,157.23562498162502,-600.0,0.0,0.0,-0.1,0.0,-0.0,-18.0,-0.0,-2.0,0.0,0.0,-2.0
140.0,0.1,140.0,0.0,0.0,-0.3,189.01851139508406,0.0,0.5000144927325337,-0.0,-0.00014492732533768647,0.0,-600.0,0.0,2.581988811405318,0.0,0.1,0.0,18.0,0.0,-2.381988811405318,-2.581988811405318,-0.0,0.2
141.0,0.8,140.0,0.0,0.7745966434215954,0.3,191.6005002064894,0.0,0.5000144927325337,0.0,-0.00014492732533768647,0.0,600.0,0.0,0.6526765431920905,0.0,0.8,3.7180638884236576,144.0,0.6740814127954708,-0.7897172495898259,-0.6526765431920905,-0.3370407063977354,0.2
142.0,0.0,141.0,0.0,2.289708344992785,2.3213821875091876,192.25317674968147,0.0,0.4999470845912542,3.7180638884236576,0.0005291540874577844,157.23562498162502,4800.0,0.0,0.4401072821898782,0.0,0.0,0.0,0.0,0.0,-0.2401072821898782,-0.4401072821898782,-0.0,0.2
143.0,0.1,142.0,0.0,2.2546387494299993,-0.07968419742633447,192.69328403187134,0.0,0.4999470845912542,0.0,0.0005291540874577844,159.36839485266893,0.0,0.0,0.4343124645687085,0.0,0.1,1.3527832496579995,18.0,0.1632029519961756,-0.3159139405667963,-0.4343124645687085,-0.0816014759980878,0.2
144.0,0.1,143.0,0.0,2.3503405466077596,0.22035240750641658,193.12759649644005,0.0,0.4999307642960546,1.3527832496579995,0.00069235703945396,159.29518498716686,600.0,0.0,0.4173105031324461,0.0,0.1,1.4102043279646557,18.0,0.16347029933957874,-0.29904565280223544,-0.4173105031324461,-0.08173514966978937,0.2
145.0,0.1,144.0,0.0,2.442253678652714,0.22025118312390754,193.5449069995725,0.0,0.4999144172661206,1.4102043279646557,0.0008558273387935387,159.49763375218495,600.0,0.0,0.40216809659047636,0.0,0.1,1.4653522071916283,18.0,0.16369941888914183,-0.2840178060350473,-0.40216809659047636,-0.08184970944457091,0.2
146.0,0.1,145.0,0.0,2.530790987225008,0.22015000524134182,193.947075096163,0.0,0.4998980473242317,1.4653522071916283,0.0010195267576826805,159.69998951731634,600.0,0.0,0.3885693423170705,0.0,0.1,1.5184745923350045,18.0,0.16389796490799843,-0.27051832477106974,-0.3885693423170705,-0.08194898245399922,0.2
147.0,0.1,146.0,0.0,2.616295233409603,0.22004887383735963,194.33564443848007,0.0,0.4998816575277409,1.5184745923350045,0.001183424722590679,159.90225232528076,600.0,0.0,0.37626871804532536,0.0,0.1,1.5697771400457619,18.0,0.16407167558385444,-0.2583045558372526,-0.37626871804532536,-0.08203583779192722,0.2
148.0,0.1,147.0,0.0,2.699054705972377,0.21994778889061065,194.7119131565254,0.0,0.4998652503601825,1.5697771400457619,0.0013474963981745334,160.10442221877872,600.0,0.0,0.3650721203269766,0.0,0.1,1.619432823583426,18.0,0.16422493739797336,-0.2471845890259633,-0.3650721203269766,-0.08211246869898668,0.2
149.0,0.1,148.0,0.0,2.7793146252805094,0.2198467503797543,195.07698527685238,0.0,0.4998488278664427,1.619432823583426,0.0015117213355725068,160.3064992404914,600.0,0.0,0.35482379630337507,0.0,0.1,1.6675887751683056,18.0,0.1643611610772538,-0.23700437684200198,-0.35482379630337507,-0.0821805805386269,0.2
150.0,0.1,149.0,0.0,2.85728564945621,0.21974575828345963,195.43180907315576,0.0,0.49983239175033495,1.6675887751683056,0.0016760824966497606,160.50848343308073,600.0,0.0,0.3453971191690656,0.0,0.1,1.7143713896737265,18.0,0.1644830386608813,-0.22763863849950627,-0.3453971191690656,-0.08224151933044065,0.2
151.0,0.1,150.0,0.0,2.9331503349619115,0.21964481258040547,195.77720619232483,0.0,0.49981594344646885,1.7143713896737265,0.001840565535310642,160.71037483918906,600.0,0.0,0.33668793867922303,0.0,0.1,1.7598902009771464,18.0,0.16459272335243305,-0.21898430035543953,-0.33668793867922303,-0.08229636167621653,0.2
152.0,0.1,151.0,0.0,3.007068122563382,0.21954391324928027,196.11389413100406,0.0,0.4997994841741336,1.7598902009771464,0.002005158258663075,160.91217350143944,600.0,0.0,0.3286096979850287,0.0,0.1,1.804240873538029,18.0,0.16469195792932667,-0.21095567694969203,-0.3286096979850287,-0.08234597896466334,0.2
153.0,0.1,152.0,0.0,3.0791792403232168,0.2194430602687823,196.4425038289891,0.0,0.49978301497834066,1.804240873538029,0.0021698502165924016,161.1138794624354,600.0,0.0,0.3210897877052273,0.0,0.1,1.8475075441939304,18.0,0.16478216809695415,-0.20348087175370433,-0.3210897877052273,-0.08239108404847707,0.2
154.0,0.1,153.0,0.0,3.1496077979720845,0.21934225361761953,196.76359361669432,0.0,0.499766536761531,1.8475075441939304,0.0023346323846893556,161.31549276476096,600.0,0.0,0.31406678299564866,0.0,0.1,1.8897646787832507,18.0,0.16486453146785024,-0.19649904872957374,-0.31406678299564866,-0.08243226573392512,0.2
155.0,0.1,154.0,0.0,3.218464268463972,0.2192414932745096,197.07766039968996,0.0,0.4997500503083842,1.8897646787832507,0.002499496916157206,161.51701345098078,600.0,0.0,0.30748832149218097,0.0,0.1,1.9310785610783834,18.0,0.16494002928209114,-0.18995833613322655,-0.30748832149218097,-0.08247001464104557,0.2
156.0,0.1,155.0,0.0,3.285847498836259,0.21914077921818007,197.38514872118213,0.0,0.499733556305456,1.9310785610783834,0.0026644369454392972,161.71844156363989,600.0,0.0,0.30130945352286836,0.0,0.1,1.971508499301755,18.0,0.16500948570563947,-0.18381419637568808,-0.30130945352286836,-0.08250474285281974,0.2
157.0,0.1,156.0,0.0,3.3518463551100273,0.21904011142736807,197.686458174705,0.0,0.49971705535688543,1.971508499301755,0.002829446431144937,161.9197771452639,600.0,0.0,0.2954913451841921,0.0,0.1,2.0111078130660163,18.0,0.16507359805369887,-0.17802814421104157,-0.2954913451841921,-0.08253679902684943,0.2
158.0,0.1,157.0,0.0,3.4165410794888516,0.21893948988082054,197.98194951988918,0.0,0.4997005479970801,2.0111078130660163,0.0029945200291986358,162.12102023835897,600.0,0.0,0.2900002484120101,0.0,0.1,2.049924647693311,18.0,0.16513296029360067,-0.17256672855881044,-0.2900002484120101,-0.08256648014680033,0.2
159.0,0.1,158.0,0.0,3.4800044190726815,0.21883891455729418,198.2719497683012,0.0,0.4996840347010507,2.049924647693311,0.0031596529894922366,162.32217088541165,600.0,0.0,0.2848066754222473,0.0,0.1,2.088002651443609,18.0,0.16518808150846995,-0.16740071617648228,-0.2848066754222473,-0.08259404075423497,0.2
160.0,0.1,159.0,0.0,3.5423025714158123,0.21873838543555543,198.55675644372346,0.0,0.49966751589289987,2.088002651443609,0.0033248410710007064,162.5232291288891,600.0,0.0,0.2798847312573211,0.0,0.1,2.125381542849487,18.0,0.16523940053880531,-0.16250443152672372,-0.2798847312573211,-0.08261970026940266,0.2
161.0,0.1,160.0,0.0,3.6034959819981163,0.21863790249438048,198.83664117498077,0.0,0.499650991952846,2.125381542849487,0.003490080471539512,162.72419501123903,600.0,0.0,0.2752115698533235,0.0,0.1,2.16209758919887,18.0,0.16528729769430756,-0.1578552187004773,-0.2752115698533235,-0.08264364884715378,0.2
162.0,0.1,161.0,0.0,3.6636400210086353,0.21853746571255522,199.1118527448341,0.0,0.4996344632230766,2.16209758919887,0.0036553677692338195,162.92506857488956,600.0,0.0,0.2707669474890555,0.0,0.1,2.1981840126051813,18.0,0.16533210419787456,-0.15343299958799278,-0.2707669474890555,-0.08266605209893728,0.2
163.0,0.1,162.0,0.0,3.722785561043472,0.21843707506887527,199.38261969232315,0.0,0.4996179300126568,2.1981840126051813,0.003820699873431694,163.12584986224942,600.0,0.0,0.2665328536598131,0.0,0.1,2.2336713366260836,18.0,0.16537410985807752,-0.14921990858885187,-0.2665328536598131,-0.08268705492903876,0.2
164.0,0.1,163.0,0.0,3.780979472893624,0.21833673054214606,199.64915254598296,0.0,0.499601392601671,2.2336713366260836,0.003986073983289771,163.32653891570789,600.0,0.0,0.26249320399435006,0.0,0.1,2.2685876837361745,18.0,0.16541356934611937,-0.14519998866740974,-0.26249320399435006,-0.08270678467305968,0.2
166.0,0.1,165.0,0.0,3.8946823949943146,0.21813617975480987,200.17027933323226,0.0,0.49956830617399994,2.3029590319120703,0.004316938260000544,163.7276404903803,600.0,0.0,0.2586335832549421,0.0,0.1,2.3029590319120703,18.0,0.16545070736465314,-999.8827253536823,-1000.0,-0.08272535368232657,0.2
